2455665
6352556
7572706
3300982
8564813
2308266
5041977
1142548
1597188
6506777
6577362
8510739
7770319
8578929
5052245
8662885
1052740
1433286
1913124
8091414
2217769
1053613
7595907
2051189
5102597
1025067
4654991
1030273
1452843
2033616
2188319
2134644
5204684
8297303
1211250
7591913
1082585
1235358
8648135
8347732
7635056
2508031
7515425
5332679
2631388
1465972
4617262
8566507
8814089
5632582
8075888
3151397
4873387
1073476
6502142
5415599
5541494
8669384
7590464
8535238
5372033
3002905
5463638
5633685
2557049
1140374
8567662
5093168
8563562
5529261
8683561
1465911
1319607
8757773
5680154
6185117
1490874
1064479
8941519
5083913
1084213
1326152
7770072
7482045
5270036
1119614
6160058
7771494
8737335
6486711
7479997
7608086
5431351
7576234
5996013
1152395
8821185
8566975
5915365
5424413
8815611
4980775
8577393
5498910
5394640
2301445
5293619
8559897
8685248
1053390
2150675
5282829
8172734
1040698
7513665
7594203
1339689
1091258
5459668
7577470
8414123
1258805
1037466
7445835
1480231
1613302
2213733
1509800
7347801
8899379
5043701
8875438
2997587
3790801
2228684
8346018
7788918
6678211
1418406
1080252
8041279
8343788
8690937
5639380
1032079
8124346
7819846
7583274
2435106
8583845
5305210
1192921
2743787
5579575
5352648
4931013
5011804
1015786
6450837
7781499
6828349
5590062
5341730
8628671
1136034
7493160
1509650
7890538
8164232
1088816
1596198
5041202
5835138
5590803
2959692
1032687
7505560
6840356
8137485
1979210
8870656
2281561
6585279
5354189
1093175
5648871
7769440
2155472
3507764
1022993
7800766
1202165
2107922
8760176
5419223
2528223
1787407
4590314
3071982
7198364
8533033
7528501
8377332
5556551
1643739
2603993
5636246
5277933
8646693
8209545
7514003
1092678
6171975
5417475
8332319
7660814
7677910
8604711
4964835
7734105
8475022
2085486
1141164
8091528
8355006
8585387
8663328
1104481
8732884
7529207
7547818
6337670
4964939
2114460
1225416
3882765
6497754
7577122
5454960
5561853
8451006
4986311
4613397
5283356
7453685
7976909
3879717
3631378
8208196
1266717
4911446
1093465
8692790
8610939
4573125
3532074
1543282
1061495
5164601
1082459
8803258
1393858
5319953
1048270
1016865
3333820
8007487
8787741
7607262
5630055
7510641
5477342
5515244
1313150
5511868
1423419
1035680
4486460
7695430
8680131
6841565
5628907
8467994
2228441
1928206
6554423
1101976
5116408
1101461
5001725
7583247
2958598
1540992
1257406
2281324
2950841
1229443
5889579
2307814
8636591
5407797
1200464
3470121
2375316
4594541
1179305
7511096
4903214
2527023
1190235
7769722
8385668
5543197
7400011
1460105
1037042
1092307
8538382
3134343
3578074
7577431
1259095
6143434
8666222
8598865
5466459
7158482
7932528
2778737
7635680
1612030
8575919
5763150
1139322
2491370
5486120
8576279
2187359
2217649
5368156
7773764
1436466
5337767
7524029
4892047
3498825
2751121
8677328
2221787
1271709
3296605
7769771
8797895
7121756
8641110
7670431
7777144
5295680
1203532
5014145
5276725
3115785
1492964
7306203
8201952
8278873
7576907
2368762
1562517
5143324
5776969
1126537
7581832
2955789
4911575
8873995
2207301
7440604
7476280
8820577
5558661
7612818
7664096
5631791
7582010
1129379
8745920
6673619
8097990
7580126
2420770
1041437
2800877
8873597
2966316
4566906
1540548
6154601
8232388
7912037
7636129
5322455
7244352
6476568
2301301
8576277
2891597
1440079
8063890
7113825
8887154
1928085
1115286
8331159
5046543
4910258
8158894
1314843
5306202
5316901
3428327
2234790
5631531
5425553
8734483
6132170
8694863
5713255
5503009
1014639
6509433
1060211
1486326
1391660
8083482
1112839
8280014
8156075
1281154
3484376
4908269
5884121
5431239
4951989
4489265
5040431
2158265
1576161
3404815
5093417
1482518
5452607
7773583
6482401
8544287
5630578
8598040
2156379
8819443
1091248
2836128
2421556
1224152
1276625
5661834
7481148
7635637
7511454
1001286
8064214
8612211
4898232
5498430
6026874
1248548
5153708
5374005
4496429
1340005
7819829
1026184
7969328
7510686
5040843
8048328
1152302
5044385
1391717
2890364
8590160
4540479
5584897
4926681
1533847
1230151
2956317
2429240
2333451
7335171
4985735
5274375
8332769
5515059
7479790
1279110
8643150
2860411
1012336
8220027
1305551
1505487
8103742
8537499
5389026
2742076
1018109
8328905
8621386
6092726
4517020
8403058
8331348
1121905
8642066
1011383
6532752
6679983
8069651
2990211
6569101
1235515
1018503
2354731
7521792
8284473
5324982
1150568
5091446
8609119
1258818
1186486
4995735
6344797
8510739
8278873
8158894
8734483
8156075
7470424
1311431
1304385
1301362
1294412
1289134
7479739
7854043
1386138
6276641
5465127
2441799
1930738
1061441
1542328
1124107
2854372
3516872
5813040
7880886
8654716
1001675
5065485
8579891
1436531
1097233
3187948
1000785
5009745
1358026
1221716
7582420
7582702
7569552
7569175
7762229
7796745
7647262
8152277
7911661
7636536
1287649
8070221
8002757
8071222
8069707
8018847
8020998
8059455
8073587
8056960
8072131
5627341
5612581
5570668
5597251
5624788
5658828
5704974
5620143
5705041
5721616
2109226
2726812
3438305
7192283
8932490
8332724
2480100
2479721
2817064
4370701
1356341
1008791
1015756
1198565
1212338
8574191
1003143
8855872
1119925
2271929
8550640
8922309
8940692
8927972
8935550
8929389
8934856
8925142
8912526
8930137
8817987
6456291
5353945
8476717
5036694
5491373
5269144
8791347
8730445
8350219
1017012
1066026
